version = 'MMult_4x4_11';
MY_MMult = [
40 2.560000e+01 2.664535e-15 
80 2.497561e+01 7.105427e-15 
120 2.560000e+01 1.065814e-14 
160 2.512883e+01 1.243450e-14 
200 2.398801e+01 2.131628e-14 
240 2.518033e+01 2.664535e-14 
280 2.408338e+01 4.263256e-14 
320 2.397951e+01 3.907985e-14 
360 2.458814e+01 4.618528e-14 
400 2.401501e+01 4.618528e-14 
440 2.424132e+01 4.973799e-14 
480 2.363582e+01 4.973799e-14 
520 2.298455e+01 5.684342e-14 
560 2.252642e+01 6.394885e-14 
600 2.256228e+01 8.526513e-14 
640 2.026077e+01 9.237056e-14 
680 2.222134e+01 7.815970e-14 
720 2.174661e+01 8.171241e-14 
760 2.149315e+01 9.947598e-14 
800 2.206516e+01 1.065814e-13 
840 2.248967e+01 1.065814e-13 
880 2.225832e+01 1.278977e-13 
920 2.141695e+01 1.207923e-13 
960 1.994153e+01 1.278977e-13 
];
