version = 'MMult1';
MY_MMult = [
40 4.923077e+00 0.000000e+00 
80 5.919075e+00 0.000000e+00 
120 5.260274e+00 0.000000e+00 
160 4.986001e+00 0.000000e+00 
200 4.279219e+00 0.000000e+00 
240 4.516909e+00 0.000000e+00 
280 4.476346e+00 0.000000e+00 
320 3.543827e+00 0.000000e+00 
360 4.230494e+00 0.000000e+00 
400 4.083716e+00 0.000000e+00 
440 4.158664e+00 0.000000e+00 
480 3.252132e+00 0.000000e+00 
520 3.791506e+00 0.000000e+00 
560 3.463553e+00 0.000000e+00 
600 3.819595e+00 0.000000e+00 
640 3.109859e+00 0.000000e+00 
680 3.745691e+00 0.000000e+00 
720 3.428650e+00 0.000000e+00 
760 3.775862e+00 0.000000e+00 
800 2.976978e+00 0.000000e+00 
840 3.376230e+00 0.000000e+00 
880 3.199632e+00 0.000000e+00 
920 3.285014e+00 0.000000e+00 
960 2.848602e+00 0.000000e+00 
];
