version = 'MMult_1x4_9';
MY_MMult = [
40 8.533333e+00 2.664535e-15 
80 1.055670e+01 7.105427e-15 
120 1.100637e+01 1.065814e-14 
160 1.241212e+01 1.243450e-14 
200 1.225115e+01 1.243450e-14 
240 1.061344e+01 1.776357e-14 
280 1.097874e+01 1.776357e-14 
320 1.017008e+01 2.486900e-14 
360 1.015475e+01 2.842171e-14 
400 9.531611e+00 3.197442e-14 
440 1.033034e+01 2.842171e-14 
480 8.393443e+00 3.197442e-14 
520 9.851328e+00 4.263256e-14 
560 7.334447e+00 4.973799e-14 
600 8.498584e+00 4.618528e-14 
640 7.713634e+00 4.618528e-14 
680 8.338049e+00 5.684342e-14 
720 7.527893e+00 5.506706e-14 
760 7.894116e+00 4.973799e-14 
800 7.582995e+00 6.394885e-14 
840 7.542107e+00 5.684342e-14 
880 7.220551e+00 5.684342e-14 
920 7.011007e+00 6.394885e-14 
960 6.954324e+00 6.750156e-14 
];
