version = 'MMult_1x4_5';
MY_MMult = [
40 2.782609e+00 0.000000e+00 
80 3.346405e+00 0.000000e+00 
120 4.173913e+00 0.000000e+00 
160 3.604048e+00 0.000000e+00 
200 3.985056e+00 0.000000e+00 
240 4.023868e+00 0.000000e+00 
280 3.928418e+00 0.000000e+00 
320 3.847590e+00 0.000000e+00 
360 3.718498e+00 0.000000e+00 
400 3.109589e+00 0.000000e+00 
440 3.500760e+00 0.000000e+00 
480 2.994112e+00 0.000000e+00 
520 3.599519e+00 0.000000e+00 
560 2.760238e+00 0.000000e+00 
600 2.725432e+00 0.000000e+00 
640 2.550250e+00 0.000000e+00 
680 2.651197e+00 0.000000e+00 
720 2.526179e+00 0.000000e+00 
760 2.459766e+00 0.000000e+00 
800 2.461296e+00 0.000000e+00 
840 2.347645e+00 0.000000e+00 
880 2.368286e+00 0.000000e+00 
920 2.297306e+00 0.000000e+00 
960 2.241058e+00 0.000000e+00 
];
