version = 'MMult_4x4_9';
MY_MMult = [
40 8.533333e+00 2.664535e-15 
80 1.024000e+01 7.105427e-15 
120 9.023499e+00 1.065814e-14 
160 9.061947e+00 1.243450e-14 
200 9.852217e+00 1.243450e-14 
240 9.219073e+00 1.776357e-14 
280 9.948788e+00 1.776357e-14 
320 9.528351e+00 2.486900e-14 
360 9.687708e+00 2.842171e-14 
400 9.147431e+00 3.197442e-14 
440 8.896501e+00 2.842171e-14 
480 9.169769e+00 3.197442e-14 
520 8.332820e+00 4.263256e-14 
560 8.016982e+00 4.973799e-14 
600 8.053241e+00 4.618528e-14 
640 7.468277e+00 4.618528e-14 
680 7.610878e+00 5.684342e-14 
720 7.285375e+00 5.506706e-14 
760 6.596976e+00 4.973799e-14 
800 6.690580e+00 6.394885e-14 
840 6.320558e+00 5.684342e-14 
880 6.136623e+00 5.684342e-14 
920 6.483178e+00 6.394885e-14 
960 5.990757e+00 6.750156e-14 
];
