version = 'MMult_4x4_13';
MY_MMult = [
40 1.163636e+01 2.664535e-15 
80 1.678689e+01 7.105427e-15 
120 1.028571e+01 1.065814e-14 
160 1.066667e+01 1.243450e-14 
200 1.097394e+01 2.131628e-14 
240 1.498537e+01 2.664535e-14 
280 1.712324e+01 4.263256e-14 
320 1.736513e+01 3.907985e-14 
360 1.691047e+01 4.618528e-14 
400 1.737950e+01 4.618528e-14 
440 1.718632e+01 4.973799e-14 
480 1.687783e+01 4.973799e-14 
520 1.624305e+01 5.684342e-14 
560 1.623519e+01 6.394885e-14 
600 1.696113e+01 8.526513e-14 
640 1.694039e+01 9.237056e-14 
680 1.559025e+01 7.815970e-14 
720 1.645315e+01 8.171241e-14 
760 1.617450e+01 9.947598e-14 
800 1.572796e+01 1.065814e-13 
840 1.642044e+01 1.065814e-13 
880 1.686123e+01 1.278977e-13 
920 1.620595e+01 1.207923e-13 
960 1.606873e+01 1.278977e-13 
];
