version = 'MMult_1x4_3';
MY_MMult = [
40 7.111111e+00 0.000000e+00 
80 6.692810e+00 0.000000e+00 
120 5.610390e+00 0.000000e+00 
160 4.982968e+00 0.000000e+00 
200 4.944376e+00 0.000000e+00 
240 4.470170e+00 0.000000e+00 
280 4.480457e+00 0.000000e+00 
320 3.662661e+00 0.000000e+00 
360 4.423208e+00 0.000000e+00 
400 4.041169e+00 0.000000e+00 
440 4.175891e+00 0.000000e+00 
480 3.373610e+00 0.000000e+00 
520 3.903988e+00 0.000000e+00 
560 3.605079e+00 0.000000e+00 
600 3.936506e+00 0.000000e+00 
640 3.030531e+00 0.000000e+00 
680 3.932292e+00 0.000000e+00 
720 3.464565e+00 0.000000e+00 
760 3.884004e+00 0.000000e+00 
800 3.175213e+00 0.000000e+00 
840 3.744537e+00 0.000000e+00 
880 3.252330e+00 0.000000e+00 
920 3.658028e+00 0.000000e+00 
960 2.882576e+00 0.000000e+00 
];
