version = 'MMult_1x4_6';
MY_MMult = [
40 8.533333e+00 2.664535e-15 
80 1.044898e+01 7.105427e-15 
120 1.144371e+01 1.065814e-14 
160 1.157062e+01 1.243450e-14 
200 1.167883e+01 1.243450e-14 
240 1.079578e+01 1.776357e-14 
280 1.095409e+01 1.776357e-14 
320 1.009955e+01 2.486900e-14 
360 1.152569e+01 2.842171e-14 
400 8.773132e+00 3.197442e-14 
440 1.017001e+01 2.842171e-14 
480 7.962274e+00 3.197442e-14 
520 9.248701e+00 4.263256e-14 
560 7.571287e+00 4.973799e-14 
600 8.470920e+00 4.618528e-14 
640 7.545667e+00 4.618528e-14 
680 7.675813e+00 5.684342e-14 
720 7.501492e+00 5.506706e-14 
760 7.290931e+00 4.973799e-14 
800 7.364522e+00 6.394885e-14 
840 7.305518e+00 5.684342e-14 
880 6.766845e+00 5.684342e-14 
920 7.050619e+00 6.394885e-14 
960 6.563372e+00 6.750156e-14 
];
