version = 'MMult_4x4_7';
MY_MMult = [
40 8.533333e+00 2.664535e-15 
80 1.101075e+01 7.105427e-15 
120 1.140594e+01 1.065814e-14 
160 1.027854e+01 1.243450e-14 
200 1.065246e+01 1.243450e-14 
240 9.640167e+00 1.776357e-14 
280 9.848362e+00 1.776357e-14 
320 9.462316e+00 2.486900e-14 
360 9.602964e+00 2.842171e-14 
400 9.440920e+00 3.197442e-14 
440 9.163511e+00 2.842171e-14 
480 1.006388e+01 3.197442e-14 
520 8.679238e+00 4.263256e-14 
560 8.131123e+00 4.973799e-14 
600 8.960797e+00 4.618528e-14 
640 7.926703e+00 4.618528e-14 
680 8.280737e+00 5.684342e-14 
720 7.970531e+00 5.506706e-14 
760 7.788786e+00 4.973799e-14 
800 7.344450e+00 6.394885e-14 
840 7.034687e+00 5.684342e-14 
880 7.333767e+00 5.684342e-14 
920 6.500035e+00 6.394885e-14 
960 5.763997e+00 6.750156e-14 
];
