version = 'MMult_1x4_7';
MY_MMult = [
40 8.000000e+00 2.664535e-15 
80 1.003922e+01 7.105427e-15 
120 1.212632e+01 1.065814e-14 
160 1.107027e+01 1.243450e-14 
200 1.147776e+01 1.243450e-14 
240 1.085512e+01 1.776357e-14 
280 1.162096e+01 1.776357e-14 
320 8.849041e+00 2.486900e-14 
360 1.052233e+01 2.842171e-14 
400 8.718752e+00 3.197442e-14 
440 1.010307e+01 2.842171e-14 
480 7.759753e+00 3.197442e-14 
520 9.005540e+00 4.263256e-14 
560 7.418252e+00 4.973799e-14 
600 8.667215e+00 4.618528e-14 
640 7.652052e+00 4.618528e-14 
680 7.711392e+00 5.684342e-14 
720 7.397348e+00 5.506706e-14 
760 7.288933e+00 4.973799e-14 
800 7.433649e+00 6.394885e-14 
840 6.915791e+00 5.684342e-14 
880 6.885155e+00 5.684342e-14 
920 6.493287e+00 6.394885e-14 
960 6.741436e+00 6.750156e-14 
];
