version = 'MMult_4x4_10';
MY_MMult = [
40 1.828571e+01 2.664535e-15 
80 2.497561e+01 7.105427e-15 
120 2.579104e+01 1.065814e-14 
160 2.423669e+01 1.243450e-14 
200 2.551834e+01 1.243450e-14 
240 2.433803e+01 1.776357e-14 
280 2.362971e+01 1.776357e-14 
320 2.044167e+01 2.486900e-14 
360 2.244696e+01 2.842171e-14 
400 1.984188e+01 3.197442e-14 
440 1.829160e+01 2.842171e-14 
480 1.732874e+01 3.197442e-14 
520 1.671219e+01 4.263256e-14 
560 1.508275e+01 4.973799e-14 
600 1.639718e+01 4.618528e-14 
640 1.423535e+01 4.618528e-14 
680 1.495871e+01 5.684342e-14 
720 1.493261e+01 5.506706e-14 
760 1.536116e+01 4.973799e-14 
800 1.408858e+01 6.394885e-14 
840 1.325722e+01 5.684342e-14 
880 1.332731e+01 5.684342e-14 
920 1.159297e+01 6.394885e-14 
960 1.184449e+01 6.750156e-14 
];
