version = 'MMult2';
MY_MMult = [
40 3.368421e+00 0.000000e+00 
80 4.284519e+00 0.000000e+00 
120 5.416928e+00 0.000000e+00 
160 5.050555e+00 0.000000e+00 
200 4.857316e+00 0.000000e+00 
240 4.532459e+00 0.000000e+00 
280 4.455450e+00 0.000000e+00 
320 3.714561e+00 0.000000e+00 
360 4.405250e+00 0.000000e+00 
400 4.065945e+00 0.000000e+00 
440 4.107232e+00 0.000000e+00 
480 3.193163e+00 0.000000e+00 
520 4.040750e+00 0.000000e+00 
560 3.543503e+00 0.000000e+00 
600 3.903497e+00 0.000000e+00 
640 3.079971e+00 0.000000e+00 
680 3.866696e+00 0.000000e+00 
720 3.329227e+00 0.000000e+00 
760 3.686953e+00 0.000000e+00 
800 3.128074e+00 0.000000e+00 
840 3.725343e+00 0.000000e+00 
880 3.251561e+00 0.000000e+00 
920 3.641043e+00 0.000000e+00 
960 2.906081e+00 0.000000e+00 
];
