version = 'MMult_4x4_14';
MY_MMult = [
40 9.846154e+00 2.664535e-15 
80 1.280000e+01 7.105427e-15 
120 9.315364e+00 1.065814e-14 
160 1.144134e+01 1.243450e-14 
200 1.769912e+01 2.131628e-14 
240 1.371429e+01 2.664535e-14 
280 1.693174e+01 3.086757e+01 
320 1.590294e+01 3.552829e+01 
360 1.733457e+01 3.699913e+01 
400 1.456035e+01 4.423465e+01 
440 1.660507e+01 4.859354e+01 
480 1.643757e+01 4.422544e+01 
520 1.677099e+01 4.130914e+01 
560 1.633106e+01 5.718725e+01 
600 1.606844e+01 5.183104e+01 
640 1.641683e+01 5.496012e+01 
680 1.523780e+01 5.247635e+01 
720 1.646150e+01 6.165133e+01 
760 1.677113e+01 6.014207e+01 
800 1.656502e+01 5.889669e+01 
840 1.512193e+01 5.748010e+01 
880 1.560736e+01 6.422166e+01 
920 1.570537e+01 6.211154e+01 
960 1.521956e+01 6.685105e+01 
];
