version = 'MMult_4x4_12';
MY_MMult = [
40 1.280000e+01 2.664535e-15 
80 1.678689e+01 7.105427e-15 
120 1.653589e+01 1.065814e-14 
160 1.746695e+01 1.243450e-14 
200 1.677149e+01 2.131628e-14 
240 1.710891e+01 2.664535e-14 
280 1.676365e+01 4.263256e-14 
320 1.702676e+01 3.907985e-14 
360 1.669267e+01 4.618528e-14 
400 1.696038e+01 4.618528e-14 
440 1.683811e+01 4.973799e-14 
480 1.661538e+01 4.973799e-14 
520 1.515336e+01 5.684342e-14 
560 1.669909e+01 6.394885e-14 
600 1.556588e+01 8.526513e-14 
640 1.584382e+01 9.237056e-14 
680 1.600041e+01 7.815970e-14 
720 1.616947e+01 8.171241e-14 
760 1.516534e+01 9.947598e-14 
800 1.579443e+01 1.065814e-13 
840 1.505701e+01 1.065814e-13 
880 1.566782e+01 1.278977e-13 
920 1.540325e+01 1.207923e-13 
960 1.583505e+01 1.278977e-13 
];
