version = 'MMult_1x4_4';
MY_MMult = [
40 4.129032e+00 0.000000e+00 
80 3.180124e+00 0.000000e+00 
120 5.097345e+00 0.000000e+00 
160 4.973892e+00 0.000000e+00 
200 4.571429e+00 0.000000e+00 
240 4.517647e+00 0.000000e+00 
280 4.522922e+00 0.000000e+00 
320 3.710355e+00 0.000000e+00 
360 4.414002e+00 0.000000e+00 
400 4.121587e+00 0.000000e+00 
440 4.052425e+00 0.000000e+00 
480 3.320184e+00 0.000000e+00 
520 3.904693e+00 0.000000e+00 
560 3.557608e+00 0.000000e+00 
600 3.888739e+00 0.000000e+00 
640 2.999136e+00 0.000000e+00 
680 3.747923e+00 0.000000e+00 
720 3.240914e+00 0.000000e+00 
760 3.554605e+00 0.000000e+00 
800 2.991108e+00 0.000000e+00 
840 3.620617e+00 0.000000e+00 
880 2.951654e+00 0.000000e+00 
920 3.610829e+00 0.000000e+00 
960 2.895671e+00 0.000000e+00 
];
