version = 'MMult_1x4_8';
MY_MMult = [
40 9.846154e+00 2.664535e-15 
80 1.248780e+01 7.105427e-15 
120 1.261314e+01 1.065814e-14 
160 1.213630e+01 1.243450e-14 
200 1.252937e+01 1.243450e-14 
240 1.115738e+01 1.776357e-14 
280 1.171398e+01 1.776357e-14 
320 1.032551e+01 2.486900e-14 
360 1.110989e+01 2.842171e-14 
400 9.334208e+00 3.197442e-14 
440 1.076779e+01 2.842171e-14 
480 8.683076e+00 3.197442e-14 
520 9.853744e+00 4.263256e-14 
560 8.307285e+00 4.973799e-14 
600 8.808776e+00 4.618528e-14 
640 7.167986e+00 4.618528e-14 
680 8.315667e+00 5.684342e-14 
720 7.621272e+00 5.506706e-14 
760 7.934568e+00 4.973799e-14 
800 7.342028e+00 6.394885e-14 
840 7.290287e+00 5.684342e-14 
880 7.353194e+00 5.684342e-14 
920 7.118815e+00 6.394885e-14 
960 7.009559e+00 6.750156e-14 
];
