version = 'MMult_4x4_4';
MY_MMult = [
40 4.413793e+00 0.000000e+00 
80 5.752809e+00 0.000000e+00 
120 5.300613e+00 0.000000e+00 
160 4.992078e+00 0.000000e+00 
200 4.875076e+00 0.000000e+00 
240 4.408163e+00 0.000000e+00 
280 4.529922e+00 0.000000e+00 
320 3.696125e+00 0.000000e+00 
360 4.359355e+00 0.000000e+00 
400 4.069047e+00 0.000000e+00 
440 4.080671e+00 0.000000e+00 
480 3.350410e+00 0.000000e+00 
520 3.875954e+00 0.000000e+00 
560 3.555988e+00 0.000000e+00 
600 3.983807e+00 0.000000e+00 
640 3.157772e+00 0.000000e+00 
680 3.909703e+00 0.000000e+00 
720 3.517126e+00 0.000000e+00 
760 3.845640e+00 0.000000e+00 
800 2.986886e+00 0.000000e+00 
840 3.742385e+00 0.000000e+00 
880 3.240768e+00 0.000000e+00 
920 3.566654e+00 0.000000e+00 
960 2.847663e+00 0.000000e+00 
];
