version = 'MMult_4x4_5';
MY_MMult = [
40 2.976744e+00 0.000000e+00 
80 2.813187e+00 0.000000e+00 
120 3.501520e+00 0.000000e+00 
160 3.465313e+00 0.000000e+00 
200 3.467707e+00 0.000000e+00 
240 3.509075e+00 0.000000e+00 
280 3.415856e+00 0.000000e+00 
320 3.319455e+00 0.000000e+00 
360 3.464083e+00 0.000000e+00 
400 3.259403e+00 0.000000e+00 
440 3.186116e+00 0.000000e+00 
480 3.166149e+00 0.000000e+00 
520 3.096035e+00 0.000000e+00 
560 3.055307e+00 0.000000e+00 
600 3.063547e+00 0.000000e+00 
640 2.916941e+00 0.000000e+00 
680 2.809071e+00 0.000000e+00 
720 2.869516e+00 0.000000e+00 
760 2.751847e+00 0.000000e+00 
800 2.630822e+00 0.000000e+00 
840 2.601188e+00 0.000000e+00 
880 2.528625e+00 0.000000e+00 
920 2.420443e+00 0.000000e+00 
960 2.413737e+00 0.000000e+00 
];
