version = 'MMult_4x4_3';
MY_MMult = [
40 3.047619e+00 0.000000e+00 
80 4.302521e+00 0.000000e+00 
120 4.902128e+00 0.000000e+00 
160 4.830189e+00 0.000000e+00 
200 4.683841e+00 0.000000e+00 
240 4.343755e+00 0.000000e+00 
280 4.411576e+00 0.000000e+00 
320 3.710565e+00 0.000000e+00 
360 4.398812e+00 0.000000e+00 
400 4.054225e+00 0.000000e+00 
440 4.141378e+00 0.000000e+00 
480 3.364015e+00 0.000000e+00 
520 3.890970e+00 0.000000e+00 
560 3.478716e+00 0.000000e+00 
600 4.000000e+00 0.000000e+00 
640 3.075995e+00 0.000000e+00 
680 3.835215e+00 0.000000e+00 
720 3.410106e+00 0.000000e+00 
760 3.745018e+00 0.000000e+00 
800 3.031415e+00 0.000000e+00 
840 3.735310e+00 0.000000e+00 
880 3.050013e+00 0.000000e+00 
920 3.607868e+00 0.000000e+00 
960 2.840942e+00 0.000000e+00 
];
