version = 'MMult_4x4_15';
MY_MMult = [
40 9.846154e+00 2.664535e-15 
80 8.982456e+00 7.105427e-15 
120 1.637915e+01 1.065814e-14 
160 1.628628e+01 1.243450e-14 
200 1.333333e+01 2.131628e-14 
240 1.730163e+01 2.664535e-14 
280 1.630906e+01 4.263256e-14 
320 1.687767e+01 3.907985e-14 
360 1.732813e+01 4.618528e-14 
400 1.716738e+01 4.618528e-14 
440 1.707779e+01 4.973799e-14 
480 1.691397e+01 4.973799e-14 
520 1.664098e+01 5.684342e-14 
560 1.692440e+01 6.394885e-14 
600 1.627180e+01 8.526513e-14 
640 1.669122e+01 9.237056e-14 
680 1.640914e+01 7.815970e-14 
720 1.563342e+01 8.171241e-14 
760 1.642567e+01 9.947598e-14 
800 1.653159e+01 1.065814e-13 
840 1.614557e+01 1.065814e-13 
880 1.572368e+01 1.278977e-13 
920 1.599901e+01 1.207923e-13 
960 1.617418e+01 1.278977e-13 
];
