version = 'MMult0';
MY_MMult = [
40 5.120000e+00 0.000000e+00 
80 6.320988e+00 0.000000e+00 
120 5.067449e+00 0.000000e+00 
160 4.961841e+00 0.000000e+00 
200 4.790419e+00 0.000000e+00 
240 4.466559e+00 0.000000e+00 
280 4.407590e+00 0.000000e+00 
320 3.478187e+00 0.000000e+00 
360 4.330224e+00 0.000000e+00 
400 4.047559e+00 0.000000e+00 
440 4.189446e+00 0.000000e+00 
480 3.260137e+00 0.000000e+00 
520 4.153548e+00 0.000000e+00 
560 3.498431e+00 0.000000e+00 
600 3.901417e+00 0.000000e+00 
640 3.228732e+00 0.000000e+00 
680 3.835800e+00 0.000000e+00 
720 3.452787e+00 0.000000e+00 
760 3.962628e+00 0.000000e+00 
800 3.402084e+00 0.000000e+00 
840 3.416112e+00 0.000000e+00 
880 3.172884e+00 0.000000e+00 
920 3.195260e+00 0.000000e+00 
960 2.965818e+00 0.000000e+00 
];
