version = 'MMult_4x4_6';
MY_MMult = [
40 8.533333e+00 2.664535e-15 
80 1.055670e+01 7.105427e-15 
120 1.093671e+01 1.065814e-14 
160 1.047570e+01 1.243450e-14 
200 1.073105e+01 1.243450e-14 
240 1.078315e+01 1.776357e-14 
280 9.910609e+00 1.776357e-14 
320 1.029954e+01 2.486900e-14 
360 1.007580e+01 2.842171e-14 
400 9.600240e+00 3.197442e-14 
440 9.302102e+00 2.842171e-14 
480 9.115727e+00 3.197442e-14 
520 8.438336e+00 4.263256e-14 
560 8.882055e+00 4.973799e-14 
600 8.593082e+00 4.618528e-14 
640 7.968750e+00 4.618528e-14 
680 7.931790e+00 5.684342e-14 
720 7.495090e+00 5.506706e-14 
760 8.071637e+00 4.973799e-14 
800 7.272934e+00 6.394885e-14 
840 7.018983e+00 5.684342e-14 
880 7.027006e+00 5.684342e-14 
920 6.968967e+00 6.394885e-14 
960 6.070396e+00 6.750156e-14 
];
