version = 'MMult_4x4_8';
MY_MMult = [
40 9.846154e+00 2.664535e-15 
80 1.024000e+01 7.105427e-15 
120 1.076636e+01 1.065814e-14 
160 1.002693e+01 1.243450e-14 
200 1.034260e+01 1.243450e-14 
240 9.299697e+00 1.776357e-14 
280 9.962333e+00 1.776357e-14 
320 9.784413e+00 2.486900e-14 
360 9.657628e+00 2.842171e-14 
400 9.203998e+00 3.197442e-14 
440 9.289422e+00 2.842171e-14 
480 8.780279e+00 3.197442e-14 
520 8.063772e+00 4.263256e-14 
560 8.339435e+00 4.973799e-14 
600 8.095497e+00 4.618528e-14 
640 7.405198e+00 4.618528e-14 
680 7.759921e+00 5.684342e-14 
720 7.700757e+00 5.506706e-14 
760 7.352231e+00 4.973799e-14 
800 7.235266e+00 6.394885e-14 
840 7.121578e+00 5.684342e-14 
880 6.464321e+00 5.684342e-14 
920 6.505792e+00 6.394885e-14 
960 5.564395e+00 6.750156e-14 
];
